frequency
[1.10260889e+14 1.10427363e+14 1.10593836e+14 1.10760310e+14
 1.10926784e+14 1.11093257e+14 1.11259731e+14 1.11426205e+14
 1.11592678e+14 1.11759152e+14 1.11925626e+14 1.12092099e+14
 1.12258573e+14 1.12425047e+14 1.12591520e+14 1.12757994e+14
 1.12924468e+14 1.13090941e+14 1.13257415e+14 1.13423889e+14
 1.13590363e+14 1.13756836e+14 1.13923310e+14 1.14089784e+14
 1.14256257e+14 1.14422731e+14 1.14589205e+14 1.14755678e+14
 1.14922152e+14 1.15088626e+14 1.15255099e+14 1.15421573e+14
 1.15588047e+14 1.15754520e+14 1.15920994e+14 1.16087468e+14
 1.16253941e+14 1.16420415e+14 1.16586889e+14 1.16753362e+14
 1.16919836e+14 1.17086310e+14 1.17252783e+14 1.17419257e+14
 1.17585731e+14 1.17752204e+14 1.17918678e+14 1.18085152e+14
 1.18251625e+14 1.18418099e+14 1.18584573e+14 1.18751046e+14
 1.18917520e+14 1.19083994e+14 1.19250467e+14 1.19416941e+14
 1.19583415e+14 1.19749888e+14 1.19916362e+14 1.20082836e+14
 1.20249309e+14 1.20415783e+14 1.20582257e+14 1.20748730e+14
 1.20915204e+14 1.21081678e+14 1.21248151e+14 1.21414625e+14
 1.21581099e+14 1.21747573e+14 1.21914046e+14 1.22080520e+14
 1.22246994e+14 1.22413467e+14 1.22579941e+14 1.22746415e+14
 1.22912888e+14 1.23079362e+14 1.23245836e+14 1.23412309e+14
 1.23578783e+14 1.23745257e+14 1.23911730e+14 1.24078204e+14
 1.24244678e+14 1.24411151e+14 1.24577625e+14 1.24744099e+14
 1.24910572e+14 1.25077046e+14 1.25243520e+14 1.25409993e+14
 1.25576467e+14 1.25742941e+14 1.25909414e+14 1.26075888e+14
 1.26242362e+14 1.26408835e+14 1.26575309e+14 1.26741783e+14
 1.26908256e+14 1.27074730e+14 1.27241204e+14 1.27407677e+14
 1.27574151e+14 1.27740625e+14 1.27907098e+14 1.28073572e+14
 1.28240046e+14 1.28406519e+14 1.28572993e+14 1.28739467e+14
 1.28905940e+14 1.29072414e+14 1.29238888e+14 1.29405362e+14
 1.29571835e+14 1.29738309e+14 1.29904783e+14 1.30071256e+14
 1.30237730e+14 1.30404204e+14 1.30570677e+14 1.30737151e+14
 1.30903625e+14 1.31070098e+14 1.31236572e+14 1.31403046e+14
 1.31569519e+14 1.31735993e+14 1.31902467e+14 1.32068940e+14
 1.32235414e+14 1.32401888e+14 1.32568361e+14 1.32734835e+14
 1.32901309e+14 1.33067782e+14 1.33234256e+14 1.33400730e+14
 1.33567203e+14 1.33733677e+14 1.33900151e+14 1.34066624e+14
 1.34233098e+14 1.34399572e+14 1.34566045e+14 1.34732519e+14
 1.34898993e+14 1.35065466e+14 1.35231940e+14 1.35398414e+14
 1.35564887e+14 1.35731361e+14 1.35897835e+14 1.36064308e+14
 1.36230782e+14 1.36397256e+14 1.36563729e+14 1.36730203e+14
 1.36896677e+14 1.37063150e+14 1.37229624e+14 1.37396098e+14
 1.37562572e+14 1.37729045e+14 1.37895519e+14 1.38061993e+14
 1.38228466e+14 1.38394940e+14 1.38561414e+14 1.38727887e+14
 1.38894361e+14 1.39060835e+14 1.39227308e+14 1.39393782e+14
 1.39560256e+14 1.39726729e+14 1.39893203e+14 1.40059677e+14
 1.40226150e+14 1.40392624e+14 1.40559098e+14 1.40725571e+14
 1.40892045e+14 1.41058519e+14 1.41224992e+14 1.41391466e+14
 1.41557940e+14 1.41724413e+14 1.41890887e+14 1.42057361e+14
 1.42223834e+14 1.42390308e+14 1.42556782e+14 1.42723255e+14
 1.42889729e+14 1.43056203e+14 1.43222676e+14 1.43389150e+14
 1.43555624e+14 1.43722097e+14 1.43888571e+14 1.44055045e+14
 1.44221518e+14 1.44387992e+14 1.44554466e+14 1.44720939e+14
 1.44887413e+14 1.45053887e+14 1.45220361e+14 1.45386834e+14
 1.45553308e+14 1.45719782e+14 1.45886255e+14 1.46052729e+14
 1.46219203e+14 1.46385676e+14 1.46552150e+14 1.46718624e+14
 1.46885097e+14 1.47051571e+14 1.47218045e+14 1.47384518e+14
 1.47550992e+14 1.47717466e+14 1.47883939e+14 1.48050413e+14
 1.48216887e+14 1.48383360e+14 1.48549834e+14 1.48716308e+14
 1.48882781e+14 1.49049255e+14 1.49215729e+14 1.49382202e+14
 1.49548676e+14 1.49715150e+14 1.49881623e+14 1.50048097e+14
 1.50214571e+14 1.50381044e+14 1.50547518e+14 1.50713992e+14
 1.50880465e+14 1.51046939e+14 1.51213413e+14 1.51379886e+14
 1.51546360e+14 1.51712834e+14 1.51879307e+14 1.52045781e+14
 1.52212255e+14 1.52378728e+14 1.52545202e+14 1.52711676e+14
 1.52878149e+14 1.53044623e+14 1.53211097e+14 1.53377571e+14
 1.53544044e+14 1.53710518e+14 1.53876992e+14 1.54043465e+14
 1.54209939e+14 1.54376413e+14 1.54542886e+14 1.54709360e+14
 1.54875834e+14 1.55042307e+14 1.55208781e+14 1.55375255e+14
 1.55541728e+14 1.55708202e+14 1.55874676e+14 1.56041149e+14
 1.56207623e+14 1.56374097e+14 1.56540570e+14 1.56707044e+14
 1.56873518e+14 1.57039991e+14 1.57206465e+14 1.57372939e+14
 1.57539412e+14 1.57705886e+14 1.57872360e+14 1.58038833e+14
 1.58205307e+14 1.58371781e+14 1.58538254e+14 1.58704728e+14
 1.58871202e+14 1.59037675e+14 1.59204149e+14 1.59370623e+14
 1.59537096e+14 1.59703570e+14 1.59870044e+14 1.60036517e+14
 1.60202991e+14 1.60369465e+14 1.60535938e+14 1.60702412e+14
 1.60868886e+14 1.61035360e+14 1.61201833e+14 1.61368307e+14
 1.61534781e+14 1.61701254e+14 1.61867728e+14 1.62034202e+14
 1.62200675e+14 1.62367149e+14 1.62533623e+14 1.62700096e+14
 1.62866570e+14 1.63033044e+14 1.63199517e+14 1.63365991e+14
 1.63532465e+14 1.63698938e+14 1.63865412e+14 1.64031886e+14
 1.64198359e+14 1.64364833e+14 1.64531307e+14 1.64697780e+14
 1.64864254e+14 1.65030728e+14 1.65197201e+14 1.65363675e+14
 1.65530149e+14 1.65696622e+14 1.65863096e+14 1.66029570e+14
 1.66196043e+14 1.66362517e+14 1.66528991e+14 1.66695464e+14
 1.66861938e+14 1.67028412e+14 1.67194885e+14 1.67361359e+14
 1.67527833e+14 1.67694306e+14 1.67860780e+14 1.68027254e+14
 1.68193727e+14 1.68360201e+14 1.68526675e+14 1.68693148e+14
 1.68859622e+14 1.69026096e+14 1.69192570e+14 1.69359043e+14
 1.69525517e+14 1.69691991e+14 1.69858464e+14 1.70024938e+14
 1.70191412e+14 1.70357885e+14 1.70524359e+14 1.70690833e+14
 1.70857306e+14 1.71023780e+14 1.71190254e+14 1.71356727e+14
 1.71523201e+14 1.71689675e+14 1.71856148e+14 1.72022622e+14
 1.72189096e+14 1.72355569e+14 1.72522043e+14 1.72688517e+14
 1.72854990e+14 1.73021464e+14 1.73187938e+14 1.73354411e+14
 1.73520885e+14 1.73687359e+14 1.73853832e+14 1.74020306e+14
 1.74186780e+14 1.74353253e+14 1.74519727e+14 1.74686201e+14
 1.74852674e+14 1.75019148e+14 1.75185622e+14 1.75352095e+14
 1.75518569e+14 1.75685043e+14 1.75851516e+14 1.76017990e+14
 1.76184464e+14 1.76350937e+14 1.76517411e+14 1.76683885e+14
 1.76850359e+14 1.77016832e+14 1.77183306e+14 1.77349780e+14
 1.77516253e+14 1.77682727e+14 1.77849201e+14 1.78015674e+14
 1.78182148e+14 1.78348622e+14 1.78515095e+14 1.78681569e+14
 1.78848043e+14 1.79014516e+14 1.79180990e+14 1.79347464e+14
 1.79513937e+14 1.79680411e+14 1.79846885e+14 1.80013358e+14
 1.80179832e+14 1.80346306e+14 1.80512779e+14 1.80679253e+14
 1.80845727e+14 1.81012200e+14 1.81178674e+14 1.81345148e+14
 1.81511621e+14 1.81678095e+14 1.81844569e+14 1.82011042e+14
 1.82177516e+14 1.82343990e+14 1.82510463e+14 1.82676937e+14
 1.82843411e+14 1.83009884e+14 1.83176358e+14 1.83342832e+14
 1.83509305e+14 1.83675779e+14 1.83842253e+14 1.84008726e+14
 1.84175200e+14 1.84341674e+14 1.84508147e+14 1.84674621e+14
 1.84841095e+14 1.85007569e+14 1.85174042e+14 1.85340516e+14
 1.85506990e+14 1.85673463e+14 1.85839937e+14 1.86006411e+14
 1.86172884e+14 1.86339358e+14 1.86505832e+14 1.86672305e+14
 1.86838779e+14 1.87005253e+14 1.87171726e+14 1.87338200e+14
 1.87504674e+14 1.87671147e+14 1.87837621e+14 1.88004095e+14
 1.88170568e+14 1.88337042e+14 1.88503516e+14 1.88669989e+14
 1.88836463e+14 1.89002937e+14 1.89169410e+14 1.89335884e+14
 1.89502358e+14 1.89668831e+14 1.89835305e+14 1.90001779e+14
 1.90168252e+14 1.90334726e+14 1.90501200e+14 1.90667673e+14
 1.90834147e+14 1.91000621e+14 1.91167094e+14 1.91333568e+14
 1.91500042e+14 1.91666515e+14 1.91832989e+14 1.91999463e+14
 1.92165936e+14 1.92332410e+14 1.92498884e+14 1.92665358e+14
 1.92831831e+14 1.92998305e+14 1.93164779e+14 1.93331252e+14
 1.93497726e+14 1.93664200e+14 1.93830673e+14 1.93997147e+14
 1.94163621e+14 1.94330094e+14 1.94496568e+14 1.94663042e+14
 1.94829515e+14 1.94995989e+14 1.95162463e+14 1.95328936e+14
 1.95495410e+14 1.95661884e+14 1.95828357e+14 1.95994831e+14
 1.96161305e+14 1.96327778e+14 1.96494252e+14 1.96660726e+14
 1.96827199e+14 1.96993673e+14 1.97160147e+14 1.97326620e+14
 1.97493094e+14 1.97659568e+14 1.97826041e+14 1.97992515e+14
 1.98158989e+14 1.98325462e+14 1.98491936e+14 1.98658410e+14
 1.98824883e+14 1.98991357e+14 1.99157831e+14 1.99324304e+14
 1.99490778e+14 1.99657252e+14 1.99823725e+14 1.99990199e+14
 2.00156673e+14 2.00323146e+14 2.00489620e+14 2.00656094e+14
 2.00822568e+14 2.00989041e+14 2.01155515e+14 2.01321989e+14
 2.01488462e+14 2.01654936e+14 2.01821410e+14 2.01987883e+14
 2.02154357e+14 2.02320831e+14 2.02487304e+14 2.02653778e+14
 2.02820252e+14 2.02986725e+14 2.03153199e+14 2.03319673e+14
 2.03486146e+14 2.03652620e+14 2.03819094e+14 2.03985567e+14
 2.04152041e+14 2.04318515e+14 2.04484988e+14 2.04651462e+14
 2.04817936e+14 2.04984409e+14 2.05150883e+14 2.05317357e+14
 2.05483830e+14 2.05650304e+14 2.05816778e+14 2.05983251e+14
 2.06149725e+14 2.06316199e+14 2.06482672e+14 2.06649146e+14
 2.06815620e+14 2.06982093e+14 2.07148567e+14 2.07315041e+14
 2.07481514e+14 2.07647988e+14 2.07814462e+14 2.07980935e+14
 2.08147409e+14 2.08313883e+14 2.08480356e+14 2.08646830e+14
 2.08813304e+14 2.08979778e+14 2.09146251e+14 2.09312725e+14
 2.09479199e+14 2.09645672e+14 2.09812146e+14 2.09978620e+14
 2.10145093e+14 2.10311567e+14 2.10478041e+14 2.10644514e+14
 2.10810988e+14 2.10977462e+14 2.11143935e+14 2.11310409e+14
 2.11476883e+14 2.11643356e+14 2.11809830e+14 2.11976304e+14
 2.12142777e+14 2.12309251e+14 2.12475725e+14 2.12642198e+14
 2.12808672e+14 2.12975146e+14 2.13141619e+14 2.13308093e+14
 2.13474567e+14 2.13641040e+14 2.13807514e+14 2.13973988e+14
 2.14140461e+14 2.14306935e+14 2.14473409e+14 2.14639882e+14
 2.14806356e+14 2.14972830e+14 2.15139303e+14 2.15305777e+14
 2.15472251e+14 2.15638724e+14 2.15805198e+14 2.15971672e+14
 2.16138145e+14 2.16304619e+14 2.16471093e+14 2.16637567e+14
 2.16804040e+14 2.16970514e+14 2.17136988e+14 2.17303461e+14
 2.17469935e+14 2.17636409e+14 2.17802882e+14 2.17969356e+14
 2.18135830e+14 2.18302303e+14 2.18468777e+14 2.18635251e+14
 2.18801724e+14 2.18968198e+14 2.19134672e+14 2.19301145e+14
 2.19467619e+14 2.19634093e+14 2.19800566e+14 2.19967040e+14
 2.20133514e+14 2.20299987e+14 2.20466461e+14 2.20632935e+14
 2.20799408e+14 2.20965882e+14 2.21132356e+14 2.21298829e+14
 2.21465303e+14 2.21631777e+14 2.21798250e+14 2.21964724e+14
 2.22131198e+14 2.22297671e+14 2.22464145e+14 2.22630619e+14
 2.22797092e+14 2.22963566e+14 2.23130040e+14 2.23296513e+14
 2.23462987e+14 2.23629461e+14 2.23795934e+14 2.23962408e+14
 2.24128882e+14 2.24295355e+14 2.24461829e+14 2.24628303e+14
 2.24794777e+14 2.24961250e+14 2.25127724e+14 2.25294198e+14
 2.25460671e+14 2.25627145e+14 2.25793619e+14 2.25960092e+14
 2.26126566e+14 2.26293040e+14 2.26459513e+14 2.26625987e+14
 2.26792461e+14 2.26958934e+14 2.27125408e+14 2.27291882e+14
 2.27458355e+14 2.27624829e+14 2.27791303e+14 2.27957776e+14
 2.28124250e+14 2.28290724e+14 2.28457197e+14 2.28623671e+14
 2.28790145e+14 2.28956618e+14 2.29123092e+14 2.29289566e+14
 2.29456039e+14 2.29622513e+14 2.29788987e+14 2.29955460e+14
 2.30121934e+14 2.30288408e+14 2.30454881e+14 2.30621355e+14
 2.30787829e+14 2.30954302e+14 2.31120776e+14 2.31287250e+14
 2.31453723e+14 2.31620197e+14 2.31786671e+14 2.31953144e+14
 2.32119618e+14 2.32286092e+14 2.32452566e+14 2.32619039e+14
 2.32785513e+14 2.32951987e+14 2.33118460e+14 2.33284934e+14
 2.33451408e+14 2.33617881e+14 2.33784355e+14 2.33950829e+14
 2.34117302e+14 2.34283776e+14 2.34450250e+14 2.34616723e+14
 2.34783197e+14 2.34949671e+14 2.35116144e+14 2.35282618e+14
 2.35449092e+14 2.35615565e+14 2.35782039e+14 2.35948513e+14
 2.36114986e+14 2.36281460e+14 2.36447934e+14 2.36614407e+14
 2.36780881e+14 2.36947355e+14 2.37113828e+14 2.37280302e+14
 2.37446776e+14 2.37613249e+14 2.37779723e+14 2.37946197e+14
 2.38112670e+14 2.38279144e+14 2.38445618e+14 2.38612091e+14
 2.38778565e+14 2.38945039e+14 2.39111512e+14 2.39277986e+14
 2.39444460e+14 2.39610933e+14 2.39777407e+14 2.39943881e+14
 2.40110354e+14 2.40276828e+14 2.40443302e+14 2.40609776e+14
 2.40776249e+14 2.40942723e+14 2.41109197e+14 2.41275670e+14
 2.41442144e+14 2.41608618e+14 2.41775091e+14 2.41941565e+14
 2.42108039e+14 2.42274512e+14 2.42440986e+14 2.42607460e+14
 2.42773933e+14 2.42940407e+14 2.43106881e+14 2.43273354e+14
 2.43439828e+14 2.43606302e+14 2.43772775e+14 2.43939249e+14
 2.44105723e+14 2.44272196e+14 2.44438670e+14 2.44605144e+14
 2.44771617e+14 2.44938091e+14 2.45104565e+14 2.45271038e+14
 2.45437512e+14 2.45603986e+14 2.45770459e+14 2.45936933e+14
 2.46103407e+14 2.46269880e+14 2.46436354e+14 2.46602828e+14
 2.46769301e+14 2.46935775e+14 2.47102249e+14 2.47268722e+14
 2.47435196e+14 2.47601670e+14 2.47768143e+14 2.47934617e+14
 2.48101091e+14 2.48267565e+14 2.48434038e+14 2.48600512e+14
 2.48766986e+14 2.48933459e+14 2.49099933e+14 2.49266407e+14
 2.49432880e+14 2.49599354e+14 2.49765828e+14 2.49932301e+14
 2.50098775e+14 2.50265249e+14 2.50431722e+14 2.50598196e+14
 2.50764670e+14 2.50931143e+14 2.51097617e+14 2.51264091e+14
 2.51430564e+14 2.51597038e+14 2.51763512e+14 2.51929985e+14
 2.52096459e+14 2.52262933e+14 2.52429406e+14 2.52595880e+14
 2.52762354e+14 2.52928827e+14 2.53095301e+14 2.53261775e+14
 2.53428248e+14 2.53594722e+14 2.53761196e+14 2.53927669e+14
 2.54094143e+14 2.54260617e+14 2.54427090e+14 2.54593564e+14
 2.54760038e+14 2.54926511e+14 2.55092985e+14 2.55259459e+14
 2.55425932e+14 2.55592406e+14 2.55758880e+14 2.55925353e+14
 2.56091827e+14 2.56258301e+14 2.56424775e+14 2.56591248e+14
 2.56757722e+14 2.56924196e+14 2.57090669e+14 2.57257143e+14
 2.57423617e+14 2.57590090e+14 2.57756564e+14 2.57923038e+14
 2.58089511e+14 2.58255985e+14 2.58422459e+14 2.58588932e+14
 2.58755406e+14 2.58921880e+14 2.59088353e+14 2.59254827e+14
 2.59421301e+14 2.59587774e+14 2.59754248e+14 2.59920722e+14
 2.60087195e+14 2.60253669e+14 2.60420143e+14 2.60586616e+14
 2.60753090e+14 2.60919564e+14 2.61086037e+14 2.61252511e+14
 2.61418985e+14 2.61585458e+14 2.61751932e+14 2.61918406e+14
 2.62084879e+14 2.62251353e+14 2.62417827e+14 2.62584300e+14
 2.62750774e+14 2.62917248e+14 2.63083721e+14 2.63250195e+14
 2.63416669e+14 2.63583142e+14 2.63749616e+14 2.63916090e+14
 2.64082564e+14 2.64249037e+14 2.64415511e+14 2.64581985e+14
 2.64748458e+14 2.64914932e+14 2.65081406e+14 2.65247879e+14
 2.65414353e+14 2.65580827e+14 2.65747300e+14 2.65913774e+14
 2.66080248e+14 2.66246721e+14 2.66413195e+14 2.66579669e+14
 2.66746142e+14 2.66912616e+14 2.67079090e+14 2.67245563e+14
 2.67412037e+14 2.67578511e+14 2.67744984e+14 2.67911458e+14
 2.68077932e+14 2.68244405e+14 2.68410879e+14 2.68577353e+14
 2.68743826e+14 2.68910300e+14 2.69076774e+14 2.69243247e+14
 2.69409721e+14 2.69576195e+14 2.69742668e+14 2.69909142e+14
 2.70075616e+14 2.70242089e+14 2.70408563e+14 2.70575037e+14
 2.70741510e+14 2.70907984e+14 2.71074458e+14 2.71240931e+14
 2.71407405e+14 2.71573879e+14 2.71740352e+14 2.71906826e+14
 2.72073300e+14 2.72239774e+14 2.72406247e+14 2.72572721e+14
 2.72739195e+14 2.72905668e+14 2.73072142e+14 2.73238616e+14
 2.73405089e+14 2.73571563e+14 2.73738037e+14 2.73904510e+14
 2.74070984e+14 2.74237458e+14 2.74403931e+14 2.74570405e+14
 2.74736879e+14 2.74903352e+14 2.75069826e+14 2.75236300e+14
 2.75402773e+14 2.75569247e+14 2.75735721e+14 2.75902194e+14
 2.76068668e+14 2.76235142e+14 2.76401615e+14 2.76568089e+14]

power spectrum
[1.52587891e-05 1.59509286e-05 1.66729812e-05 1.74261699e-05
 1.82117641e-05 1.90310820e-05 1.98854918e-05 2.07764136e-05
 2.17053214e-05 2.26737445e-05 2.36832701e-05 2.47355447e-05
 2.58322764e-05 2.69752371e-05 2.81662646e-05 2.94072646e-05
 3.07002134e-05 3.20471601e-05 3.34502291e-05 3.49116227e-05
 3.64336233e-05 3.80185968e-05 3.96689948e-05 4.13873574e-05
 4.31763167e-05 4.50385992e-05 4.69770292e-05 4.89945322e-05
 5.10941374e-05 5.32789822e-05 5.55523146e-05 5.79174975e-05
 6.03780120e-05 6.29374614e-05 6.55995747e-05 6.83682113e-05
 7.12473642e-05 7.42411650e-05 7.73538876e-05 8.05899530e-05
 8.39539340e-05 8.74505592e-05 9.10847188e-05 9.48614685e-05
 9.87860353e-05 1.02863823e-04 1.07100415e-04 1.11501585e-04
 1.16073296e-04 1.20821712e-04 1.25753199e-04 1.30874336e-04
 1.36191917e-04 1.41712958e-04 1.47444707e-04 1.53394645e-04
 1.59570499e-04 1.65980244e-04 1.72632113e-04 1.79534602e-04
 1.86696481e-04 1.94126798e-04 2.01834889e-04 2.09830387e-04
 2.18123227e-04 2.26723657e-04 2.35642245e-04 2.44889890e-04
 2.54477830e-04 2.64417649e-04 2.74721291e-04 2.85401064e-04
 2.96469654e-04 3.07940137e-04 3.19825981e-04 3.32141065e-04
 3.44899685e-04 3.58116567e-04 3.71806877e-04 3.85986233e-04
 4.00670717e-04 4.15876885e-04 4.31621781e-04 4.47922948e-04
 4.64798443e-04 4.82266847e-04 5.00347278e-04 5.19059407e-04
 5.38423469e-04 5.58460279e-04 5.79191242e-04 6.00638374e-04
 6.22824309e-04 6.45772320e-04 6.69506329e-04 6.94050929e-04
 7.19431391e-04 7.45673687e-04 7.72804502e-04 8.00851254e-04
 8.29842107e-04 8.59805990e-04 8.90772612e-04 9.22772485e-04
 9.55836934e-04 9.89998121e-04 1.02528906e-03 1.06174364e-03
 1.09939664e-03 1.13828373e-03 1.17844155e-03 1.21990765e-03
 1.26272057e-03 1.30691982e-03 1.35254594e-03 1.39964049e-03
 1.44824608e-03 1.49840639e-03 1.55016619e-03 1.60357138e-03
 1.65866899e-03 1.71550719e-03 1.77413536e-03 1.83460407e-03
 1.89696511e-03 1.96127154e-03 2.02757766e-03 2.09593911e-03
 2.16641282e-03 2.23905707e-03 2.31393151e-03 2.39109719e-03
 2.47061656e-03 2.55255352e-03 2.63697346e-03 2.72394322e-03
 2.81353118e-03 2.90580728e-03 3.00084298e-03 3.09871138e-03
 3.19948718e-03 3.30324672e-03 3.41006801e-03 3.52003078e-03
 3.63321644e-03 3.74970820e-03 3.86959101e-03 3.99295163e-03
 4.11987865e-03 4.25046251e-03 4.38479553e-03 4.52297194e-03
 4.66508791e-03 4.81124156e-03 4.96153298e-03 5.11606430e-03
 5.27493966e-03 5.43826529e-03 5.60614949e-03 5.77870267e-03
 5.95603740e-03 6.13826839e-03 6.32551255e-03 6.51788902e-03
 6.71551915e-03 6.91852657e-03 7.12703719e-03 7.34117925e-03
 7.56108330e-03 7.78688226e-03 8.01871142e-03 8.25670849e-03
 8.50101358e-03 8.75176926e-03 9.00912057e-03 9.27321502e-03
 9.54420266e-03 9.82223601e-03 1.01074702e-02 1.04000629e-02
 1.07001743e-02 1.10079672e-02 1.13236072e-02 1.16472623e-02
 1.19791031e-02 1.23193032e-02 1.26680386e-02 1.30254879e-02
 1.33918327e-02 1.37672570e-02 1.41519477e-02 1.45460944e-02
 1.49498894e-02 1.53635277e-02 1.57872072e-02 1.62211283e-02
 1.66654943e-02 1.71205114e-02 1.75863883e-02 1.80633365e-02
 1.85515703e-02 1.90513069e-02 1.95627661e-02 2.00861703e-02
 2.06217449e-02 2.11697179e-02 2.17303200e-02 2.23037847e-02
 2.28903481e-02 2.34902491e-02 2.41037291e-02 2.47310323e-02
 2.53724054e-02 2.60280978e-02 2.66983615e-02 2.73834511e-02
 2.80836235e-02 2.87991383e-02 2.95302577e-02 3.02772461e-02
 3.10403705e-02 3.18199002e-02 3.26161068e-02 3.34292643e-02
 3.42596489e-02 3.51075391e-02 3.59732155e-02 3.68569608e-02
 3.77590600e-02 3.86797999e-02 3.96194693e-02 4.05783590e-02
 4.15567616e-02 4.25549716e-02 4.35732851e-02 4.46120000e-02
 4.56714158e-02 4.67518334e-02 4.78535553e-02 4.89768854e-02
 5.01221288e-02 5.12895920e-02 5.24795825e-02 5.36924089e-02
 5.49283809e-02 5.61878090e-02 5.74710046e-02 5.87782796e-02
 6.01099467e-02 6.14663192e-02 6.28477105e-02 6.42544347e-02
 6.56868058e-02 6.71451381e-02 6.86297458e-02 7.01409429e-02
 7.16790433e-02 7.32443606e-02 7.48372076e-02 7.64578969e-02
 7.81067402e-02 7.97840481e-02 8.14901307e-02 8.32252967e-02
 8.49898535e-02 8.67841072e-02 8.86083624e-02 9.04629220e-02
 9.23480872e-02 9.42641569e-02 9.62114283e-02 9.81901960e-02
 1.00200753e-01 1.02243388e-01 1.04318388e-01 1.06426039e-01
 1.08566620e-01 1.10740411e-01 1.12947684e-01 1.15188713e-01
 1.17463763e-01 1.19773098e-01 1.22116979e-01 1.24495659e-01
 1.26909390e-01 1.29358418e-01 1.31842984e-01 1.34363326e-01
 1.36919674e-01 1.39512256e-01 1.42141291e-01 1.44806994e-01
 1.47509576e-01 1.50249240e-01 1.53026181e-01 1.55840592e-01
 1.58692656e-01 1.61582551e-01 1.64510447e-01 1.67476507e-01
 1.70480888e-01 1.73523737e-01 1.76605197e-01 1.79725399e-01
 1.82884468e-01 1.86082521e-01 1.89319667e-01 1.92596004e-01
 1.95911624e-01 1.99266607e-01 2.02661027e-01 2.06094947e-01
 2.09568420e-01 2.13081491e-01 2.16634192e-01 2.20226549e-01
 2.23858574e-01 2.27530270e-01 2.31241631e-01 2.34992638e-01
 2.38783261e-01 2.42613462e-01 2.46483186e-01 2.50392373e-01
 2.54340947e-01 2.58328821e-01 2.62355897e-01 2.66422066e-01
 2.70527203e-01 2.74671174e-01 2.78853833e-01 2.83075017e-01
 2.87334555e-01 2.91632260e-01 2.95967934e-01 3.00341364e-01
 3.04752325e-01 3.09200578e-01 3.13685872e-01 3.18207939e-01
 3.22766501e-01 3.27361263e-01 3.31991919e-01 3.36658147e-01
 3.41359612e-01 3.46095963e-01 3.50866838e-01 3.55671857e-01
 3.60510629e-01 3.65382746e-01 3.70287787e-01 3.75225316e-01
 3.80194882e-01 3.85196021e-01 3.90228253e-01 3.95291082e-01
 4.00384001e-01 4.05506486e-01 4.10657998e-01 4.15837985e-01
 4.21045878e-01 4.26281096e-01 4.31543042e-01 4.36831104e-01
 4.42144656e-01 4.47483059e-01 4.52845657e-01 4.58231780e-01
 4.63640747e-01 4.69071858e-01 4.74524402e-01 4.79997653e-01
 4.85490872e-01 4.91003303e-01 4.96534181e-01 5.02082723e-01
 5.07648136e-01 5.13229611e-01 5.18826327e-01 5.24437450e-01
 5.30062132e-01 5.35699514e-01 5.41348723e-01 5.47008874e-01
 5.52679070e-01 5.58358401e-01 5.64045948e-01 5.69740776e-01
 5.75441941e-01 5.81148490e-01 5.86859455e-01 5.92573859e-01
 5.98290715e-01 6.04009025e-01 6.09727782e-01 6.15445968e-01
 6.21162557e-01 6.26876512e-01 6.32586789e-01 6.38292334e-01
 6.43992086e-01 6.49684975e-01 6.55369924e-01 6.61045848e-01
 6.66711656e-01 6.72366249e-01 6.78008522e-01 6.83637364e-01
 6.89251660e-01 6.94850288e-01 7.00432120e-01 7.05996025e-01
 7.11540869e-01 7.17065511e-01 7.22568808e-01 7.28049615e-01
 7.33506783e-01 7.38939160e-01 7.44345594e-01 7.49724931e-01
 7.55076013e-01 7.60397686e-01 7.65688792e-01 7.70948175e-01
 7.76174678e-01 7.81367146e-01 7.86524425e-01 7.91645363e-01
 7.96728810e-01 8.01773618e-01 8.06778643e-01 8.11742745e-01
 8.16664785e-01 8.21543631e-01 8.26378155e-01 8.31167235e-01
 8.35909752e-01 8.40604596e-01 8.45250661e-01 8.49846851e-01
 8.54392073e-01 8.58885246e-01 8.63325295e-01 8.67711153e-01
 8.72041764e-01 8.76316080e-01 8.80533063e-01 8.84691686e-01
 8.88790932e-01 8.92829795e-01 8.96807281e-01 9.00722409e-01
 9.04574208e-01 9.08361721e-01 9.12084004e-01 9.15740127e-01
 9.19329174e-01 9.22850241e-01 9.26302441e-01 9.29684903e-01
 9.32996768e-01 9.36237195e-01 9.39405360e-01 9.42500452e-01
 9.45521681e-01 9.48468272e-01 9.51339467e-01 9.54134527e-01
 9.56852730e-01 9.59493374e-01 9.62055774e-01 9.64539266e-01
 9.66943203e-01 9.69266958e-01 9.71509927e-01 9.73671523e-01
 9.75751179e-01 9.77748351e-01 9.79662514e-01 9.81493166e-01
 9.83239824e-01 9.84902028e-01 9.86479340e-01 9.87971342e-01
 9.89377641e-01 9.90697865e-01 9.91931662e-01 9.93078708e-01
 9.94138696e-01 9.95111346e-01 9.95996398e-01 9.96793619e-01
 9.97502795e-01 9.98123738e-01 9.98656283e-01 9.99100287e-01
 9.99455632e-01 9.99722224e-01 9.99899992e-01 9.99988887e-01
 9.99988887e-01 9.99899992e-01 9.99722224e-01 9.99455632e-01
 9.99100287e-01 9.98656283e-01 9.98123738e-01 9.97502795e-01
 9.96793619e-01 9.95996398e-01 9.95111346e-01 9.94138696e-01
 9.93078708e-01 9.91931662e-01 9.90697865e-01 9.89377641e-01
 9.87971342e-01 9.86479340e-01 9.84902028e-01 9.83239824e-01
 9.81493166e-01 9.79662514e-01 9.77748351e-01 9.75751179e-01
 9.73671523e-01 9.71509927e-01 9.69266958e-01 9.66943203e-01
 9.64539266e-01 9.62055774e-01 9.59493374e-01 9.56852730e-01
 9.54134527e-01 9.51339467e-01 9.48468272e-01 9.45521681e-01
 9.42500452e-01 9.39405360e-01 9.36237195e-01 9.32996768e-01
 9.29684903e-01 9.26302441e-01 9.22850241e-01 9.19329174e-01
 9.15740127e-01 9.12084004e-01 9.08361721e-01 9.04574208e-01
 9.00722409e-01 8.96807281e-01 8.92829795e-01 8.88790932e-01
 8.84691686e-01 8.80533063e-01 8.76316080e-01 8.72041764e-01
 8.67711153e-01 8.63325295e-01 8.58885246e-01 8.54392073e-01
 8.49846851e-01 8.45250661e-01 8.40604596e-01 8.35909752e-01
 8.31167235e-01 8.26378155e-01 8.21543631e-01 8.16664785e-01
 8.11742745e-01 8.06778643e-01 8.01773618e-01 7.96728810e-01
 7.91645363e-01 7.86524425e-01 7.81367146e-01 7.76174678e-01
 7.70948175e-01 7.65688792e-01 7.60397686e-01 7.55076013e-01
 7.49724931e-01 7.44345594e-01 7.38939160e-01 7.33506783e-01
 7.28049615e-01 7.22568808e-01 7.17065511e-01 7.11540869e-01
 7.05996025e-01 7.00432120e-01 6.94850288e-01 6.89251660e-01
 6.83637364e-01 6.78008522e-01 6.72366249e-01 6.66711656e-01
 6.61045848e-01 6.55369924e-01 6.49684975e-01 6.43992086e-01
 6.38292334e-01 6.32586789e-01 6.26876512e-01 6.21162557e-01
 6.15445968e-01 6.09727782e-01 6.04009025e-01 5.98290715e-01
 5.92573859e-01 5.86859455e-01 5.81148490e-01 5.75441941e-01
 5.69740776e-01 5.64045948e-01 5.58358401e-01 5.52679070e-01
 5.47008874e-01 5.41348723e-01 5.35699514e-01 5.30062132e-01
 5.24437450e-01 5.18826327e-01 5.13229611e-01 5.07648136e-01
 5.02082723e-01 4.96534181e-01 4.91003303e-01 4.85490872e-01
 4.79997653e-01 4.74524402e-01 4.69071858e-01 4.63640747e-01
 4.58231780e-01 4.52845657e-01 4.47483059e-01 4.42144656e-01
 4.36831104e-01 4.31543042e-01 4.26281096e-01 4.21045878e-01
 4.15837985e-01 4.10657998e-01 4.05506486e-01 4.00384001e-01
 3.95291082e-01 3.90228253e-01 3.85196021e-01 3.80194882e-01
 3.75225316e-01 3.70287787e-01 3.65382746e-01 3.60510629e-01
 3.55671857e-01 3.50866838e-01 3.46095963e-01 3.41359612e-01
 3.36658147e-01 3.31991919e-01 3.27361263e-01 3.22766501e-01
 3.18207939e-01 3.13685872e-01 3.09200578e-01 3.04752325e-01
 3.00341364e-01 2.95967934e-01 2.91632260e-01 2.87334555e-01
 2.83075017e-01 2.78853833e-01 2.74671174e-01 2.70527203e-01
 2.66422066e-01 2.62355897e-01 2.58328821e-01 2.54340947e-01
 2.50392373e-01 2.46483186e-01 2.42613462e-01 2.38783261e-01
 2.34992638e-01 2.31241631e-01 2.27530270e-01 2.23858574e-01
 2.20226549e-01 2.16634192e-01 2.13081491e-01 2.09568420e-01
 2.06094947e-01 2.02661027e-01 1.99266607e-01 1.95911624e-01
 1.92596004e-01 1.89319667e-01 1.86082521e-01 1.82884468e-01
 1.79725399e-01 1.76605197e-01 1.73523737e-01 1.70480888e-01
 1.67476507e-01 1.64510447e-01 1.61582551e-01 1.58692656e-01
 1.55840592e-01 1.53026181e-01 1.50249240e-01 1.47509576e-01
 1.44806994e-01 1.42141291e-01 1.39512256e-01 1.36919674e-01
 1.34363326e-01 1.31842984e-01 1.29358418e-01 1.26909390e-01
 1.24495659e-01 1.22116979e-01 1.19773098e-01 1.17463763e-01
 1.15188713e-01 1.12947684e-01 1.10740411e-01 1.08566620e-01
 1.06426039e-01 1.04318388e-01 1.02243388e-01 1.00200753e-01
 9.81901960e-02 9.62114283e-02 9.42641569e-02 9.23480872e-02
 9.04629220e-02 8.86083624e-02 8.67841072e-02 8.49898535e-02
 8.32252967e-02 8.14901307e-02 7.97840481e-02 7.81067402e-02
 7.64578969e-02 7.48372076e-02 7.32443606e-02 7.16790433e-02
 7.01409429e-02 6.86297458e-02 6.71451381e-02 6.56868058e-02
 6.42544347e-02 6.28477105e-02 6.14663192e-02 6.01099467e-02
 5.87782796e-02 5.74710046e-02 5.61878090e-02 5.49283809e-02
 5.36924089e-02 5.24795825e-02 5.12895920e-02 5.01221288e-02
 4.89768854e-02 4.78535553e-02 4.67518334e-02 4.56714158e-02
 4.46120000e-02 4.35732851e-02 4.25549716e-02 4.15567616e-02
 4.05783590e-02 3.96194693e-02 3.86797999e-02 3.77590600e-02
 3.68569608e-02 3.59732155e-02 3.51075391e-02 3.42596489e-02
 3.34292643e-02 3.26161068e-02 3.18199002e-02 3.10403705e-02
 3.02772461e-02 2.95302577e-02 2.87991383e-02 2.80836235e-02
 2.73834511e-02 2.66983615e-02 2.60280978e-02 2.53724054e-02
 2.47310323e-02 2.41037291e-02 2.34902491e-02 2.28903481e-02
 2.23037847e-02 2.17303200e-02 2.11697179e-02 2.06217449e-02
 2.00861703e-02 1.95627661e-02 1.90513069e-02 1.85515703e-02
 1.80633365e-02 1.75863883e-02 1.71205114e-02 1.66654943e-02
 1.62211283e-02 1.57872072e-02 1.53635277e-02 1.49498894e-02
 1.45460944e-02 1.41519477e-02 1.37672570e-02 1.33918327e-02
 1.30254879e-02 1.26680386e-02 1.23193032e-02 1.19791031e-02
 1.16472623e-02 1.13236072e-02 1.10079672e-02 1.07001743e-02
 1.04000629e-02 1.01074702e-02 9.82223601e-03 9.54420266e-03
 9.27321502e-03 9.00912057e-03 8.75176926e-03 8.50101358e-03
 8.25670849e-03 8.01871142e-03 7.78688226e-03 7.56108330e-03
 7.34117925e-03 7.12703719e-03 6.91852657e-03 6.71551915e-03
 6.51788902e-03 6.32551255e-03 6.13826839e-03 5.95603740e-03
 5.77870267e-03 5.60614949e-03 5.43826529e-03 5.27493966e-03
 5.11606430e-03 4.96153298e-03 4.81124156e-03 4.66508791e-03
 4.52297194e-03 4.38479553e-03 4.25046251e-03 4.11987865e-03
 3.99295163e-03 3.86959101e-03 3.74970820e-03 3.63321644e-03
 3.52003078e-03 3.41006801e-03 3.30324672e-03 3.19948718e-03
 3.09871138e-03 3.00084298e-03 2.90580728e-03 2.81353118e-03
 2.72394322e-03 2.63697346e-03 2.55255352e-03 2.47061656e-03
 2.39109719e-03 2.31393151e-03 2.23905707e-03 2.16641282e-03
 2.09593911e-03 2.02757766e-03 1.96127154e-03 1.89696511e-03
 1.83460407e-03 1.77413536e-03 1.71550719e-03 1.65866899e-03
 1.60357138e-03 1.55016619e-03 1.49840639e-03 1.44824608e-03
 1.39964049e-03 1.35254594e-03 1.30691982e-03 1.26272057e-03
 1.21990765e-03 1.17844155e-03 1.13828373e-03 1.09939664e-03
 1.06174364e-03 1.02528906e-03 9.89998121e-04 9.55836934e-04
 9.22772485e-04 8.90772612e-04 8.59805990e-04 8.29842107e-04
 8.00851254e-04 7.72804502e-04 7.45673687e-04 7.19431391e-04
 6.94050929e-04 6.69506329e-04 6.45772320e-04 6.22824309e-04
 6.00638374e-04 5.79191242e-04 5.58460279e-04 5.38423469e-04
 5.19059407e-04 5.00347278e-04 4.82266847e-04 4.64798443e-04
 4.47922948e-04 4.31621781e-04 4.15876885e-04 4.00670717e-04
 3.85986233e-04 3.71806877e-04 3.58116567e-04 3.44899685e-04
 3.32141065e-04 3.19825981e-04 3.07940137e-04 2.96469654e-04
 2.85401064e-04 2.74721291e-04 2.64417649e-04 2.54477830e-04
 2.44889890e-04 2.35642245e-04 2.26723657e-04 2.18123227e-04
 2.09830387e-04 2.01834889e-04 1.94126798e-04 1.86696481e-04
 1.79534602e-04 1.72632113e-04 1.65980244e-04 1.59570499e-04
 1.53394645e-04 1.47444707e-04 1.41712958e-04 1.36191917e-04
 1.30874336e-04 1.25753199e-04 1.20821712e-04 1.16073296e-04
 1.11501585e-04 1.07100415e-04 1.02863823e-04 9.87860353e-05
 9.48614685e-05 9.10847188e-05 8.74505592e-05 8.39539340e-05
 8.05899530e-05 7.73538876e-05 7.42411650e-05 7.12473642e-05
 6.83682113e-05 6.55995747e-05 6.29374614e-05 6.03780120e-05
 5.79174975e-05 5.55523146e-05 5.32789822e-05 5.10941374e-05
 4.89945322e-05 4.69770292e-05 4.50385992e-05 4.31763167e-05
 4.13873574e-05 3.96689948e-05 3.80185968e-05 3.64336233e-05
 3.49116227e-05 3.34502291e-05 3.20471601e-05 3.07002134e-05
 2.94072646e-05 2.81662646e-05 2.69752371e-05 2.58322764e-05
 2.47355447e-05 2.36832701e-05 2.26737445e-05 2.17053214e-05
 2.07764136e-05 1.98854918e-05 1.90310820e-05 1.82117641e-05
 1.74261699e-05 1.66729812e-05 1.59509286e-05 1.52587891e-05]